104.31
102.8
96.7
93.38
99.0
100.68
98.6
97.0
96.5
91.8
87.8
83.11
84.4
78.0
86.26
84.6
91.2
97.12
97.0
99.45
96.4
98.1
94.24
97.36
97.64
99.52
99.62
101.6
100.93
99.88
101.86
101.9
103.05
101.46
101.16
101.99
102.21
103.89
104.05
97.7
98.2
94.3
97.0
95.38
94.08
92.58
96.2
95.9
94.52
93.99
89.0
90.01
83.8
83.25
84.68
89.57
90.5
88.35
88.14
89.67
91.31
93.5
94.86
94.88
94.55
96.68
96.6
97.03
95.11
102.41
103.11
101.65
103.6
104.4
105.61
104.21
102.0
103.0
51.85
49.74
50.6
51.51
52.8
54.29
53.81
53.9
54.74
54.92
56.24
55.36
56.4
57.9
59.69
61.5
62.3
59.95
61.7
59.2
60.49
58.01
57.4
58.44
55.49
53.5
56.14
56.15
55.96
54.3
54.4
54.54
55.61
55.79
56.02
55.3
53.39
52.4
53.41
53.2
54.69
54.8
55.0
56.45
56.3
54.0
51.85
52.6
51.26
49.73
49.03
49.46
49.6
48.79
48.03
46.0
46.01
47.03
45.52
44.01
41.87
41.71
42.08
42.54
44.61
43.94
42.28
40.11
39.65
40.71
41.32
41.0
39.86
40.2
41.25
40.9
40.05
38.9
40.04
42.0
43.31
43.11
41.65
42.01
43.2
43.3
42.66
41.81
40.81
40.09
38.62
38.7
36.9
34.32
35.11
38.7
40.42
36.4
38.49
36.71
39.3
42.88
42.98
40.99
42.12
44.05
43.01
39.5
42.22
41.6
38.9
38.2
37.15
34.95
33.31
31.04
30.1
33.61
34.0
29.29
26.75
27.42
30.65
30.35
27.95
27.0
24.25
22.0
24.19
26.0
28.11
28.61
28.19
31.0
29.81
27.77
28.21
29.29
28.75
24.94
25.63
25.1
25.06
23.3
22.3
20.21
22.71
23.1
24.22
23.62
23.75
21.76
21.64
22.84
21.79
21.5
24.46
24.2
26.66
26.93
27.6
27.75
28.85
29.64
28.1
27.89
26.12
25.89
26.85
27.09
27.49
104.31
102.8
96.7
93.38
99.0
100.68
98.6
97.0
96.5
91.8
87.8
83.11
84.4
78.0
86.26
84.6
91.2
97.12
97.0
99.45
96.4
98.1
94.24
97.36
97.64
99.52
99.62
101.6
100.93
99.88
101.86
101.9
103.05
101.46
101.16
101.99
102.21
103.89
104.05
97.7
98.2
94.3
97.0
95.38
94.08
92.58
96.2
95.9
94.52
93.99
89.0
90.01
83.8
83.25
84.68
89.57
90.5
88.35
88.14
89.67
91.31
93.5
94.86
94.88
94.55
96.68
96.6
97.03
95.11
102.41
103.11
101.65
103.6
104.4
105.61
104.21
102.0
103.0
51.85
49.74
50.6
51.51
52.8
54.29
53.81
53.9
54.74
54.92
56.24
55.36
56.4
57.9
59.69
61.5
62.3
59.95
61.7
59.2
60.49
58.01
57.4
58.44
55.49
53.5
56.14
56.15
55.96
54.3
54.4
54.54
55.61
55.79
56.02
55.3
53.39
52.4
53.41
53.2
54.69
54.8
55.0
56.45
56.3
54.0
51.85
52.6
51.26
49.73
49.03
49.46
49.6
48.79
48.03
46.0
46.01
47.03
45.52
44.01
41.87
41.71
42.08
42.54
44.61
43.94
42.28
40.11
39.65
40.71
41.32
41.0
39.86
40.2
41.25
40.9
40.05
38.9
40.04
42.0
43.31
43.11
41.65
42.01
43.2
43.3
42.66
41.81
40.81
40.09
38.62
38.7
36.9
34.32
35.11
38.7
40.42
36.4
38.49
36.71
39.3
42.88
42.98
40.99
42.12
44.05
43.01
39.5
42.22
41.6
38.9
38.2
37.15
34.95
33.31
31.04
30.1
33.61
34.0
29.29
26.75
27.42
30.65
30.35
27.95
27.0
24.25
22.0
24.19
26.0
28.11
28.61
28.19
31.0
29.81
27.77
28.21
29.29
28.75
24.94
25.63
25.1
25.06
23.3
22.3
20.21
22.71
23.1
24.22
23.62
23.75
21.76
21.64
22.84
21.79
21.5
24.46
24.2
26.66
26.93
27.6
27.75
28.85
29.64
28.1
27.89
26.12
25.89
26.85
27.09
27.49
104.31
102.8
96.7
93.38
99.0
100.68
98.6
97.0
96.5
91.8
87.8
83.11
84.4
78.0
86.26
84.6
91.2
97.12
97.0
99.45
96.4
98.1
94.24
97.36
97.64
99.52
99.62
101.6
100.93
99.88
101.86
101.9
103.05
101.46
101.16
101.99
102.21
103.89
104.05
97.7
98.2
94.3
97.0
95.38
94.08
92.58
96.2
95.9
94.52
93.99
89.0
90.01
83.8
83.25
84.68
89.57
90.5
88.35
88.14
89.67
91.31
93.5
94.86
94.88
94.55
96.68
96.6
97.03
95.11
102.41
103.11
101.65
103.6
104.4
105.61
104.21
102.0
103.0
51.85
49.74
50.6
51.51
52.8
54.29
53.81
53.9
54.74
54.92
56.24
55.36
56.4
57.9
59.69
61.5
62.3
59.95
61.7
59.2
60.49
58.01
57.4
58.44
55.49
53.5
56.14
56.15
55.96
54.3
54.4
54.54
55.61
55.79
56.02
55.3
53.39
52.4
53.41
53.2
54.69
54.8
55.0
56.45
56.3
54.0
51.85
52.6
51.26
49.73
49.03
49.46
49.6
48.79
48.03
46.0
46.01
47.03
45.52
44.01
41.87
41.71
42.08
42.54
44.61
43.94
42.28
40.11
39.65
40.71
41.32
41.0
39.86
40.2
41.25
40.9
40.05
38.9
40.04
42.0
43.31
43.11
41.65
42.01
43.2
43.3
42.66
41.81
40.81
40.09
38.62
38.7
36.9
34.32
35.11
38.7
40.42
36.4
38.49
36.71
39.3
42.88
42.98
40.99
42.12
44.05
43.01
39.5
42.22
41.6
38.9
38.2
37.15
34.95
33.31
31.04
30.1
33.61
34.0
29.29
26.75
27.42
30.65
30.35
27.95
27.0
24.25
22.0
24.19
26.0
28.11
28.61
28.19
31.0
29.81
27.77
28.21
29.29
28.75
24.94
25.63
25.1
25.06
23.3
22.3
20.21
22.71
23.1
24.22
23.62
23.75
21.76
21.64
22.84
21.79
21.5
24.46
24.2
26.66
26.93
27.6
27.75
28.85
29.64
28.1
27.89
26.12
25.89
26.85
27.09
27.49
104.31
102.8
96.7
93.38
99.0
100.68
98.6
97.0
96.5
91.8
87.8
83.11
84.4
78.0
86.26
84.6
91.2
97.12
97.0
99.45
96.4
98.1
94.24
97.36
97.64
99.52
99.62
101.6
100.93
99.88
101.86
101.9
103.05
101.46
101.16
101.99
102.21
103.89
104.05
97.7
98.2
94.3
97.0
95.38
94.08
92.58
96.2
95.9
94.52
93.99
89.0
90.01
83.8
83.25
84.68
89.57
90.5
88.35
88.14
89.67
91.31
93.5
94.86
94.88
94.55
96.68
96.6
97.03
95.11
102.41
103.11
101.65
103.6
104.4
105.61
104.21
102.0
103.0
51.85
49.74
50.6
51.51
52.8
54.29
53.81
53.9
54.74
54.92
56.24
55.36
56.4
57.9
59.69
61.5
62.3
59.95
61.7
59.2
60.49
58.01
57.4
58.44
55.49
53.5
56.14
56.15
55.96
54.3
54.4
54.54
55.61
55.79
56.02
55.3
53.39
52.4
53.41
53.2
54.69
54.8
55.0
56.45
56.3
54.0
51.85
52.6
51.26
49.73
49.03
49.46
49.6
48.79
48.03
46.0
46.01
47.03
45.52
44.01
41.87
41.71
42.08
42.54
44.61
43.94
42.28
40.11
39.65
40.71
41.32
41.0
39.86
40.2
41.25
40.9
40.05
38.9
40.04
42.0
43.31
43.11
41.65
42.01
43.2
43.3
42.66
41.81
40.81
40.09
38.62
38.7
36.9
34.32
35.11
38.7
40.42
36.4
38.49
36.71
39.3
42.88
42.98
40.99
42.12
44.05
43.01
39.5
42.22
41.6
38.9
38.2
37.15
34.95
33.31
31.04
30.1
33.61
34.0
29.29
26.75
27.42
30.65
30.35
27.95
27.0
24.25
22.0
24.19
26.0
28.11
28.61
28.19
31.0
29.81
27.77
28.21
29.29
28.75
24.94
25.63
25.1
25.06
23.3
22.3
20.21
22.71
23.1
24.22
23.62
23.75
21.76
21.64
22.84
21.79
21.5
24.46
24.2
26.66
26.93
27.6
27.75
28.85
29.64
28.1
27.89
26.12
25.89
26.85
27.09
27.49
104.31
102.8
96.7
93.38
99.0
100.68
98.6
97.0
96.5
91.8
87.8
83.11
84.4
78.0
86.26
84.6
91.2
97.12
97.0
99.45
96.4
98.1
94.24
97.36
97.64
99.52
99.62
101.6
100.93
99.88
101.86
101.9
103.05
101.46
101.16
101.99
102.21
103.89
104.05
97.7
98.2
94.3
97.0
95.38
94.08
92.58
96.2
95.9
94.52
93.99
89.0
90.01
83.8
83.25
84.68
89.57
90.5
88.35
88.14
89.67
91.31
93.5
94.86
94.88
94.55
96.68
96.6
97.03
95.11
102.41
103.11
101.65
103.6
104.4
105.61
104.21
102.0
103.0
51.85
49.74
50.6
51.51
52.8
54.29
53.81
53.9
54.74
54.92
56.24
55.36
56.4
57.9
59.69
61.5
62.3
59.95
61.7
59.2
60.49
58.01
57.4
58.44
55.49
53.5
56.14
56.15
55.96
54.3
54.4
54.54
55.61
55.79
56.02
55.3
53.39
52.4
53.41
53.2
54.69
54.8
55.0
56.45
56.3
54.0
51.85
52.6
51.26
49.73
49.03
49.46
49.6
48.79
48.03
46.0
46.01
47.03
45.52
44.01
41.87
41.71
42.08
42.54
44.61
43.94
42.28
40.11
39.65
40.71
41.32
41.0
39.86
40.2
41.25
40.9
40.05
38.9
40.04
42.0
43.31
43.11
41.65
42.01
43.2
43.3
42.66
41.81
40.81
40.09
38.62
38.7
36.9
34.32
35.11
38.7
40.42
36.4
38.49
36.71
39.3
42.88
42.98
40.99
42.12
44.05
43.01
39.5
42.22
41.6
38.9
38.2
37.15
34.95
33.31
31.04
30.1
33.61
34.0
29.29
26.75
27.42
30.65
30.35
27.95
27.0
24.25
22.0
24.19
26.0
28.11
28.61
28.19
31.0
29.81
27.77
28.21
29.29
28.75
24.94
25.63
25.1
25.06
23.3
22.3
20.21
22.71
23.1
24.22
23.62
23.75
21.76
21.64
22.84
21.79
21.5
24.46
24.2
26.66
26.93
27.6
27.75
28.85
29.64
28.1
27.89
26.12
25.89
26.85
27.09
27.49
104.31
102.8
96.7
93.38
99.0
100.68
98.6
97.0
96.5
91.8
87.8
83.11
84.4
78.0
86.26
84.6
91.2
97.12
97.0
99.45
96.4
98.1
94.24
97.36
97.64
99.52
99.62
101.6
100.93
99.88
101.86
101.9
103.05
101.46
101.16
101.99
102.21
103.89
104.05
97.7
98.2
94.3
97.0
95.38
94.08
92.58
96.2
95.9
94.52
93.99
89.0
90.01
83.8
83.25
84.68
89.57
90.5
88.35
88.14
89.67
91.31
93.5
94.86
94.88
94.55
96.68
96.6
97.03
95.11
102.41
103.11
101.65
103.6
104.4
105.61
104.21
102.0
103.0
51.85
49.74
50.6
51.51
52.8
54.29
53.81
53.9
54.74
54.92
56.24
55.36
56.4
57.9
59.69
61.5
62.3
59.95
61.7
59.2
60.49
58.01
57.4
58.44
55.49
53.5
56.14
56.15
55.96
54.3
54.4
54.54
55.61
55.79
56.02
55.3
53.39
52.4
53.41
53.2
54.69
54.8
55.0
56.45
56.3
54.0
51.85
52.6
51.26
49.73
49.03
49.46
49.6
48.79
48.03
46.0
46.01
47.03
45.52
44.01
41.87
41.71
42.08
42.54
44.61
43.94
42.28
40.11
39.65
40.71
41.32
41.0
39.86
40.2
41.25
40.9
40.05
38.9
40.04
42.0
43.31
43.11
41.65
42.01
43.2
43.3
42.66
41.81
40.81
40.09
38.62
38.7
36.9
34.32
35.11
38.7
40.42
36.4
38.49
36.71
39.3
42.88
42.98
40.99
42.12
44.05
43.01
39.5
42.22
41.6
38.9
38.2
37.15
34.95
33.31
31.04
30.1
33.61
34.0
29.29
26.75
27.42
30.65
30.35
27.95
27.0
24.25
22.0
24.19
26.0
28.11
28.61
28.19
31.0
29.81
27.77
28.21
29.29
28.75
24.94
25.63
25.1
25.06
23.3
22.3
20.21
22.71
23.1
24.22
23.62
23.75
21.76
21.64
22.84
21.79
21.5
24.46
24.2
26.66
26.93
27.6
27.75
28.85
29.64
28.1
27.89
26.12
25.89
26.85
27.09
27.49
104.31
102.8
96.7
93.38
99.0
100.68
98.6
97.0
96.5
91.8
87.8
83.11
84.4
78.0
86.26
84.6
91.2
97.12
97.0
99.45
96.4
98.1
94.24
97.36
97.64
99.52
99.62
101.6
100.93
99.88
101.86
101.9
103.05
101.46
101.16
101.99
102.21
103.89
104.05
97.7
98.2
94.3
97.0
95.38
94.08
92.58
96.2
95.9
94.52
93.99
89.0
90.01
83.8
83.25
84.68
89.57
90.5
88.35
88.14
89.67
91.31
93.5
94.86
94.88
94.55
96.68
96.6
97.03
95.11
102.41
103.11
101.65
103.6
104.4
105.61
104.21
102.0
103.0
51.85
49.74
50.6
51.51
52.8
54.29
53.81
53.9
54.74
54.92
56.24
55.36
56.4
57.9
59.69
61.5
62.3
59.95
61.7
59.2
60.49
58.01
57.4
58.44
55.49
53.5
56.14
56.15
55.96
54.3
54.4
54.54
55.61
55.79
56.02
55.3
53.39
52.4
53.41
53.2
54.69
54.8
55.0
56.45
56.3
54.0
51.85
52.6
51.26
49.73
49.03
49.46
49.6
48.79
48.03
46.0
46.01
47.03
45.52
44.01
41.87
41.71
42.08
42.54
44.61
43.94
42.28
40.11
39.65
40.71
41.32
41.0
39.86
40.2
41.25
40.9
40.05
38.9
40.04
42.0
43.31
43.11
41.65
42.01
43.2
43.3
42.66
41.81
40.81
40.09
38.62
38.7
36.9
34.32
35.11
38.7
40.42
36.4
38.49
36.71
39.3
42.88
42.98
40.99
42.12
44.05
43.01
39.5
42.22
41.6
38.9
38.2
37.15
34.95
33.31
31.04
30.1
33.61
34.0
29.29
26.75
27.42
30.65
30.35
27.95
27.0
24.25
22.0
24.19
26.0
28.11
28.61
28.19
31.0
29.81
27.77
28.21
29.29
28.75
24.94
25.63
25.1
25.06
23.3
22.3
20.21
22.71
23.1
24.22
23.62
23.75
21.76
21.64
22.84
21.79
21.5
24.46
24.2
26.66
26.93
27.6
27.75
28.85
29.64
28.1
27.89
26.12
25.89
26.85
27.09
27.49
104.31
102.8
96.7
93.38
99.0
100.68
98.6
97.0
96.5
91.8
87.8
83.11
84.4
78.0
86.26
84.6
91.2
97.12
97.0
99.45
96.4
98.1
94.24
97.36
97.64
99.52
99.62
101.6
100.93
99.88
101.86
101.9
103.05
101.46
101.16
101.99
102.21
103.89
104.05
97.7
98.2
94.3
97.0
95.38
94.08
92.58
96.2
95.9
94.52
93.99
89.0
90.01
83.8
83.25
84.68
89.57
90.5
88.35
88.14
89.67
91.31
93.5
94.86
94.88
94.55
96.68
96.6
97.03
95.11
102.41
103.11
101.65
103.6
104.4
105.61
104.21
102.0
103.0
51.85
49.74
50.6
51.51
52.8
54.29
53.81
53.9
54.74
54.92
56.24
55.36
56.4
57.9
59.69
61.5
62.3
59.95
61.7
59.2
60.49
58.01
57.4
58.44
55.49
53.5
56.14
56.15
55.96
54.3
54.4
54.54
55.61
55.79
56.02
55.3
53.39
52.4
53.41
53.2
54.69
54.8
55.0
56.45
56.3
54.0
51.85
52.6
51.26
49.73
49.03
49.46
49.6
48.79
48.03
46.0
46.01
47.03
45.52
44.01
41.87
41.71
42.08
42.54
44.61
43.94
42.28
40.11
39.65
40.71
41.32
41.0
39.86
40.2
41.25
40.9
40.05
38.9
40.04
42.0
43.31
43.11
41.65
42.01
43.2
43.3
42.66
41.81
40.81
40.09
38.62
38.7
36.9
34.32
35.11
38.7
40.42
36.4
38.49
36.71
39.3
42.88
42.98
40.99
42.12
44.05
43.01
39.5
42.22
41.6
38.9
38.2
37.15
34.95
33.31
31.04
30.1
33.61
34.0
29.29
26.75
27.42
30.65
30.35
27.95
27.0
24.25
22.0
24.19
26.0
28.11
28.61
28.19
31.0
29.81
27.77
28.21
29.29
28.75
24.94
25.63
25.1
25.06
23.3
22.3
20.21
22.71
23.1
24.22
23.62
23.75
21.76
21.64
22.84
21.79
21.5
24.46
24.2
26.66
26.93
27.6
27.75
28.85
29.64
28.1
27.89
26.12
25.89
26.85
27.09
27.49
104.31
102.8
96.7
93.38
99.0
100.68
98.6
97.0
96.5
91.8
87.8
83.11
84.4
78.0
86.26
84.6
91.2
97.12
97.0
99.45
96.4
98.1
94.24
97.36
97.64
99.52
99.62
101.6
100.93
99.88
101.86
101.9
103.05
101.46
101.16
101.99
102.21
103.89
104.05
97.7
98.2
94.3
97.0
95.38
94.08
92.58
96.2
95.9
94.52
93.99
89.0
90.01
83.8
83.25
84.68
89.57
90.5
88.35
88.14
89.67
91.31
93.5
94.86
94.88
94.55
96.68
96.6
97.03
95.11
102.41
103.11
101.65
103.6
104.4
105.61
104.21
102.0
103.0
51.85
49.74
50.6
51.51
52.8
54.29
53.81
53.9
54.74
54.92
56.24
55.36
56.4
57.9
59.69
61.5
62.3
59.95
61.7
59.2
60.49
58.01
57.4
58.44
55.49
53.5
56.14
56.15
55.96
54.3
54.4
54.54
55.61
55.79
56.02
55.3
53.39
52.4
53.41
53.2
54.69
54.8
55.0
56.45
56.3
54.0
51.85
52.6
51.26
49.73
49.03
49.46
49.6
48.79
48.03
46.0
46.01
47.03
45.52
44.01
41.87
41.71
42.08
42.54
44.61
43.94
42.28
40.11
39.65
40.71
41.32
41.0
39.86
40.2
41.25
40.9
40.05
38.9
40.04
42.0
43.31
43.11
41.65
42.01
43.2
43.3
42.66
41.81
40.81
40.09
38.62
38.7
36.9
34.32
35.11
38.7
40.42
36.4
38.49
36.71
39.3
42.88
42.98
40.99
42.12
44.05
43.01
39.5
42.22
41.6
38.9
38.2
37.15
34.95
33.31
31.04
30.1
33.61
34.0
29.29
26.75
27.42
30.65
30.35
27.95
27.0
24.25
22.0
24.19
26.0
28.11
28.61
28.19
31.0
29.81
27.77
28.21
29.29
28.75
24.94
25.63
25.1
25.06
23.3
22.3
20.21
22.71
23.1
24.22
23.62
23.75
21.76
21.64
22.84
21.79
21.5
24.46
24.2
26.66
26.93
27.6
27.75
28.85
29.64
28.1
27.89
26.12
25.89
26.85
27.09
27.49
104.31
102.8
96.7
93.38
99.0
100.68
98.6
97.0
96.5
91.8
87.8
83.11
84.4
78.0
86.26
84.6
91.2
97.12
97.0
99.45
96.4
98.1
94.24
97.36
97.64
99.52
99.62
101.6
100.93
99.88
101.86
101.9
103.05
101.46
101.16
101.99
102.21
103.89
104.05
97.7
98.2
94.3
97.0
95.38
94.08
92.58
96.2
95.9
94.52
93.99
89.0
90.01
83.8
83.25
84.68
89.57
90.5
88.35
88.14
89.67
91.31
93.5
94.86
94.88
94.55
96.68
96.6
97.03
95.11
102.41
103.11
101.65
103.6
104.4
105.61
104.21
102.0
103.0
51.85
49.74
50.6
51.51
52.8
54.29
53.81
53.9
54.74
54.92
56.24
55.36
56.4
57.9
59.69
61.5
62.3
59.95
61.7
59.2
60.49
58.01
57.4
58.44
55.49
53.5
56.14
56.15
55.96
54.3
54.4
54.54
55.61
55.79
56.02
55.3
53.39
52.4
53.41
53.2
54.69
54.8
55.0
56.45
56.3
54.0
51.85
52.6
51.26
49.73
49.03
49.46
49.6
48.79
48.03
46.0
46.01
47.03
45.52
44.01
41.87
41.71
42.08
42.54
44.61
43.94
42.28
40.11
39.65
40.71
41.32
41.0
39.86
40.2
41.25
40.9
40.05
38.9
40.04
42.0
43.31
43.11
41.65
42.01
43.2
43.3
42.66
41.81
40.81
40.09
38.62
38.7
36.9
34.32
35.11
38.7
40.42
36.4
38.49
36.71
39.3
42.88
42.98
40.99
42.12
44.05
43.01
39.5
42.22
41.6
38.9
38.2
37.15
34.95
33.31
31.04
30.1
33.61
34.0
29.29
26.75
27.42
30.65
30.35
27.95
27.0
24.25
22.0
24.19
26.0
28.11
28.61
28.19
31.0
29.81
27.77
28.21
29.29
28.75
24.94
25.63
25.1
25.06
23.3
22.3
20.21
22.71
23.1
24.22
23.62
23.75
21.76
21.64
22.84
21.79
21.5
24.46
24.2
26.66
26.93
27.6
27.75
28.85
29.64
28.1
27.89
26.12
25.89
26.85
27.09
27.49
104.31
102.8
96.7
93.38
99.0
100.68
98.6
97.0
96.5
91.8
87.8
83.11
84.4
78.0
86.26
84.6
91.2
97.12
97.0
99.45
96.4
98.1
94.24
97.36
97.64
99.52
99.62
101.6
100.93
99.88
101.86
101.9
103.05
101.46
101.16
101.99
102.21
103.89
104.05
97.7
98.2
94.3
97.0
95.38
94.08
92.58
96.2
95.9
94.52
93.99
89.0
90.01
83.8
83.25
84.68
89.57
90.5
88.35
88.14
89.67
91.31
93.5
94.86
94.88
94.55
96.68
96.6
97.03
95.11
102.41
103.11
101.65
103.6
104.4
105.61
104.21
102.0
103.0
51.85
49.74
50.6
51.51
52.8
54.29
53.81
53.9
54.74
54.92
56.24
55.36
56.4
57.9
59.69
61.5
62.3
59.95
61.7
59.2
60.49
58.01
57.4
58.44
55.49
53.5
56.14
56.15
55.96
54.3
54.4
54.54
55.61
55.79
56.02
55.3
53.39
52.4
53.41
53.2
54.69
54.8
55.0
56.45
56.3
54.0
51.85
52.6
51.26
49.73
49.03
49.46
49.6
48.79
48.03
46.0
46.01
47.03
45.52
44.01
41.87
41.71
42.08
42.54
44.61
43.94
42.28
40.11
39.65
40.71
41.32
41.0
39.86
40.2
41.25
40.9
40.05
38.9
40.04
42.0
43.31
43.11
41.65
42.01
43.2
43.3
42.66
41.81
40.81
40.09
38.62
38.7
36.9
34.32
35.11
38.7
40.42
36.4
38.49
36.71
39.3
42.88
42.98
40.99
42.12
44.05
43.01
39.5
42.22
41.6
38.9
38.2
37.15
34.95
33.31
31.04
30.1
33.61
34.0
29.29
26.75
27.42
30.65
30.35
27.95
27.0
24.25
22.0
24.19
26.0
28.11
28.61
28.19
31.0
29.81
27.77
28.21
29.29
28.75
24.94
25.63
25.1
25.06
23.3
22.3
20.21
22.71
23.1
24.22
23.62
23.75
21.76
21.64
22.84
21.79
21.5
24.46
24.2
26.66
26.93
27.6
27.75
28.85
29.64
28.1
27.89
26.12
25.89
26.85
27.09
27.49
104.31
102.8
96.7
93.38
99.0
100.68
98.6
97.0
96.5
91.8
87.8
83.11
84.4
78.0
86.26
84.6
91.2
97.12
97.0
99.45
96.4
98.1
94.24
97.36
97.64
99.52
99.62
101.6
100.93
99.88
101.86
101.9
103.05
101.46
101.16
101.99
102.21
103.89
104.05
97.7
98.2
94.3
97.0
95.38
94.08
92.58
96.2
95.9
94.52
93.99
89.0
90.01
83.8
83.25
84.68
89.57
90.5
88.35
88.14
89.67
91.31
93.5
94.86
94.88
94.55
96.68
96.6
97.03
95.11
102.41
103.11
101.65
103.6
104.4
105.61
104.21
102.0
103.0
51.85
49.74
50.6
51.51
52.8
54.29
53.81
53.9
54.74
54.92
56.24
55.36
56.4
57.9
59.69
61.5
62.3
59.95
61.7
59.2
60.49
58.01
57.4
58.44
55.49
53.5
56.14
56.15
55.96
54.3
54.4
54.54
55.61
55.79
56.02
55.3
53.39
52.4
53.41
53.2
54.69
54.8
55.0
56.45
56.3
54.0
51.85
52.6
51.26
49.73
49.03
49.46
49.6
48.79
48.03
46.0
46.01
47.03
45.52
44.01
41.87
41.71
42.08
42.54
44.61
43.94
42.28
40.11
39.65
40.71
41.32
41.0
39.86
40.2
41.25
40.9
40.05
38.9
40.04
42.0
43.31
43.11
41.65
42.01
43.2
43.3
42.66
41.81
40.81
40.09
38.62
38.7
36.9
34.32
35.11
38.7
40.42
36.4
38.49
36.71
39.3
42.88
42.98
40.99
42.12
44.05
43.01
39.5
42.22
41.6
38.9
38.2
37.15
34.95
33.31
31.04
30.1
33.61
34.0
29.29
26.75
27.42
30.65
30.35
27.95
27.0
24.25
22.0
24.19
26.0
28.11
28.61
28.19
31.0
29.81
27.77
28.21
29.29
28.75
24.94
25.63
25.1
25.06
23.3
22.3
20.21
22.71
23.1
24.22
23.62
23.75
21.76
21.64
22.84
21.79
21.5
24.46
24.2
26.66
26.93
27.6
27.75
28.85
29.64
28.1
27.89
26.12
25.89
26.85
27.09
27.49
104.31
102.8
96.7
93.38
99.0
100.68
98.6
97.0
96.5
91.8
87.8
83.11
84.4
78.0
86.26
84.6
91.2
97.12
97.0
99.45
96.4
98.1
94.24
97.36
97.64
99.52
99.62
101.6
100.93
99.88
101.86
101.9
103.05
101.46
101.16
101.99
102.21
103.89
104.05
97.7
98.2
94.3
97.0
95.38
94.08
92.58
96.2
95.9
94.52
93.99
89.0
90.01
83.8
83.25
84.68
89.57
90.5
88.35
88.14
89.67
91.31
93.5
94.86
94.88
94.55
96.68
96.6
97.03
95.11
102.41
103.11
101.65
103.6
104.4
105.61
104.21
102.0
103.0
51.85
49.74
50.6
51.51
52.8
54.29
53.81
53.9
54.74
54.92
56.24
55.36
56.4
57.9
59.69
61.5
62.3
59.95
61.7
59.2
60.49
58.01
57.4
58.44
55.49
53.5
56.14
56.15
55.96
54.3
54.4
54.54
55.61
55.79
56.02
55.3
53.39
52.4
53.41
53.2
54.69
54.8
55.0
56.45
56.3
54.0
51.85
52.6
51.26
49.73
49.03
49.46
49.6
48.79
48.03
46.0
46.01
47.03
45.52
44.01
41.87
41.71
42.08
42.54
44.61
43.94
42.28
40.11
39.65
40.71
41.32
41.0
39.86
40.2
41.25
40.9
40.05
38.9
40.04
42.0
43.31
43.11
41.65
42.01
43.2
43.3
42.66
41.81
40.81
40.09
38.62
38.7
36.9
34.32
35.11
38.7
40.42
36.4
38.49
36.71
39.3
42.88
42.98
40.99
42.12
44.05
43.01
39.5
42.22
41.6
38.9
38.2
37.15
34.95
33.31
31.04
30.1
33.61
34.0
29.29
26.75
27.42
30.65
30.35
27.95
27.0
24.25
22.0
24.19
26.0
28.11
28.61
28.19
31.0
29.81
27.77
28.21
29.29
28.75
24.94
25.63
25.1
25.06
23.3
22.3
20.21
22.71
23.1
24.22
23.62
23.75
21.76
21.64
22.84
21.79
21.5
24.46
24.2
26.66
26.93
27.6
27.75
28.85
29.64
28.1
27.89
26.12
25.89
26.85
27.09
27.49
104.31
102.8
96.7
93.38
99.0
100.68
98.6
97.0
96.5
91.8
87.8
83.11
84.4
78.0
86.26
84.6
91.2
97.12
97.0
99.45
96.4
98.1
94.24
97.36
97.64
99.52
99.62
101.6
100.93
99.88
101.86
101.9
103.05
101.46
101.16
101.99
102.21
103.89
104.05
97.7
98.2
94.3
97.0
95.38
94.08
92.58
96.2
95.9
94.52
93.99
89.0
90.01
83.8
83.25
84.68
89.57
90.5
88.35
88.14
89.67
91.31
93.5
94.86
94.88
94.55
96.68
96.6
97.03
95.11
102.41
103.11
101.65
103.6
104.4
105.61
104.21
102.0
103.0
51.85
49.74
50.6
51.51
52.8
54.29
53.81
53.9
54.74
54.92
56.24
55.36
56.4
57.9
59.69
61.5
62.3
59.95
61.7
59.2
60.49
58.01
57.4
58.44
55.49
53.5
56.14
56.15
55.96
54.3
54.4
54.54
55.61
55.79
56.02
55.3
53.39
52.4
53.41
53.2
54.69
54.8
55.0
56.45
56.3
54.0
51.85
52.6
51.26
49.73
49.03
49.46
49.6
48.79
48.03
46.0
46.01
47.03
45.52
44.01
41.87
41.71
42.08
42.54
44.61
43.94
42.28
40.11
39.65
40.71
41.32
41.0
39.86
40.2
41.25
40.9
40.05
38.9
40.04
42.0
43.31
43.11
41.65
42.01
43.2
43.3
42.66
41.81
40.81
40.09
38.62
38.7
36.9
34.32
35.11
38.7
40.42
36.4
38.49
36.71
39.3
42.88
42.98
40.99
42.12
44.05
43.01
39.5
42.22
41.6
38.9
38.2
37.15
34.95
33.31
31.04
30.1
33.61
34.0
29.29
26.75
27.42
30.65
30.35
27.95
27.0
24.25
22.0
24.19
26.0
28.11
28.61
28.19
31.0
29.81
27.77
28.21
29.29
28.75
24.94
25.63
25.1
25.06
23.3
22.3
20.21
22.71
23.1
24.22
23.62
23.75
21.76
21.64
22.84
21.79
21.5
24.46
24.2
26.66
26.93
27.6
27.75
28.85
29.64
28.1
27.89
26.12
25.89
26.85
27.09
27.49
104.31
102.8
96.7
93.38
99.0
100.68
98.6
97.0
96.5
91.8
87.8
83.11
84.4
78.0
86.26
84.6
91.2
97.12
97.0
99.45
96.4
98.1
94.24
97.36
97.64
99.52
99.62
101.6
100.93
99.88
101.86
101.9
103.05
101.46
101.16
101.99
102.21
103.89
104.05
97.7
98.2
94.3
97.0
95.38
94.08
92.58
96.2
95.9
94.52
93.99
89.0
90.01
83.8
83.25
84.68
89.57
90.5
88.35
88.14
89.67
91.31
93.5
94.86
94.88
94.55
96.68
96.6
97.03
95.11
102.41
103.11
101.65
103.6
104.4
105.61
104.21
102.0
103.0
51.85
49.74
50.6
51.51
52.8
54.29
53.81
53.9
54.74
54.92
56.24
55.36
56.4
57.9
59.69
61.5
62.3
59.95
61.7
59.2
60.49
58.01
57.4
58.44
55.49
53.5
56.14
56.15
55.96
54.3
54.4
54.54
55.61
55.79
56.02
55.3
53.39
52.4
53.41
53.2
54.69
54.8
55.0
56.45
56.3
54.0
51.85
52.6
51.26
49.73
49.03
49.46
49.6
48.79
48.03
46.0
46.01
47.03
45.52
44.01
41.87
41.71
42.08
42.54
44.61
43.94
42.28
40.11
39.65
40.71
41.32
41.0
39.86
40.2
41.25
40.9
40.05
38.9
40.04
42.0
43.31
43.11
41.65
42.01
43.2
43.3
42.66
41.81
40.81
40.09
38.62
38.7
36.9
34.32
35.11
38.7
40.42
36.4
38.49
36.71
39.3
42.88
42.98
40.99
42.12
44.05
43.01
39.5
42.22
41.6
38.9
38.2
37.15
34.95
33.31
31.04
30.1
33.61
34.0
29.29
26.75
27.42
30.65
30.35
27.95
27.0
24.25
22.0
24.19
26.0
28.11
28.61
28.19
31.0
29.81
27.77
28.21
29.29
28.75
24.94
25.63
25.1
25.06
23.3
22.3
20.21
22.71
23.1
24.22
23.62
23.75
21.76
21.64
22.84
21.79
21.5
24.46
24.2
26.66
26.93
27.6
27.75
28.85
29.64
28.1
27.89
26.12
25.89
26.85
27.09
27.49
104.31
102.8
96.7
93.38
99.0
100.68
98.6
97.0
96.5
91.8
87.8
83.11
84.4
78.0
86.26
84.6
91.2
97.12
97.0
99.45
96.4
98.1
94.24
97.36
97.64
99.52
99.62
101.6
100.93
99.88
101.86
101.9
103.05
101.46
101.16
101.99
102.21
103.89
104.05
97.7
98.2
94.3
97.0
95.38
94.08
92.58
96.2
95.9
94.52
93.99
89.0
90.01
83.8
83.25
84.68
89.57
90.5
88.35
88.14
89.67
91.31
93.5
94.86
94.88
94.55
96.68
96.6
97.03
95.11
102.41
103.11
101.65
103.6
104.4
105.61
104.21
102.0
103.0
51.85
49.74
50.6
51.51
52.8
54.29
53.81
53.9
54.74
54.92
56.24
55.36
56.4
57.9
59.69
61.5
62.3
59.95
61.7
59.2
60.49
58.01
57.4
58.44
55.49
53.5
56.14
56.15
55.96
54.3
54.4
54.54
55.61
55.79
56.02
55.3
53.39
52.4
53.41
53.2
54.69
54.8
55.0
56.45
56.3
54.0
51.85
52.6
51.26
49.73
49.03
49.46
49.6
48.79
48.03
46.0
46.01
47.03
45.52
44.01
41.87
41.71
42.08
42.54
44.61
43.94
42.28
40.11
39.65
40.71
41.32
41.0
39.86
40.2
41.25
40.9
40.05
38.9
40.04
42.0
43.31
43.11
41.65
42.01
43.2
43.3
42.66
41.81
40.81
40.09
38.62
38.7
36.9
34.32
35.11
38.7
40.42
36.4
38.49
36.71
39.3
42.88
42.98
40.99
42.12
44.05
43.01
39.5
42.22
41.6
38.9
38.2
37.15
34.95
33.31
31.04
30.1
33.61
34.0
29.29
26.75
27.42
30.65
30.35
27.95
27.0
24.25
22.0
24.19
26.0
28.11
28.61
28.19
31.0
29.81
27.77
28.21
29.29
28.75
24.94
25.63
25.1
25.06
23.3
22.3
20.21
22.71
23.1
24.22
23.62
23.75
21.76
21.64
22.84
21.79
21.5
24.46
24.2
26.66
26.93
27.6
27.75
28.85
29.64
28.1
27.89
26.12
25.89
26.85
27.09
27.49